77
68
76
65
86
58
93
73
53
89
80
84
90
62
59
64
60
57
86
67
71
88
79
68
69
64
92
85
58
62
63
74
91
76
51
97
65
63
70
90
70
63
76
58
62
53
94
62
68
92
94
76
81
75
88
98
71
70
60
76
92
82
81
68
88
91
92
80
92
99
62
97
74
82
52
65
66
68
88
81
66
74
65
60
53
58
90
52
54
73
57
83
56
76
88
91
93
82
79
74
99
95
73
91
70
54
95
79
56
67
82
90
67
99
58
86
72
64
77
80
98
72
77
78
71
70
76
80
62
95
84
73
83
71
71
83
94
51
53
92
54
87
73
56
54
80
63
51
52
82
-1 